

%% User Defined Colormaps
kMap1 =[	1.000000000000000   1.000000000000000   1.000000000000000
            0.875000000000000   1.000000000000000   1.000000000000000
            0.750000000000000   1.000000000000000   1.000000000000000
            0.625000000000000   1.000000000000000   1.000000000000000
            0.500000000000000   1.000000000000000   1.000000000000000
            0.375000000000000   1.000000000000000   1.000000000000000
            0.250000000000000   1.000000000000000   1.000000000000000
            0.125000000000000   1.000000000000000   1.000000000000000
                            0   1.000000000000000   1.000000000000000
                            0   0.916666686534882   0.997311830520630
                            0   0.833333313465118   0.994623661041260
                           0   0.750000000000000   0.991935491561890
                           0   0.666666686534882   0.989247322082520
                           0   0.583333313465118   0.986559152603149
                           0   0.500000000000000   0.983870983123779
                           0   0.416666656732559   0.981182754039764
                           0   0.333333343267441   0.978494584560394
                           0   0.250000000000000   0.975806415081024
                           0   0.166666671633720   0.973118245601654
                           0   0.083333335816860   0.970430076122284
                           0                   0   0.967741906642914
                           0                   0   0.879765391349792
                           0                   0   0.791788816452026
                           0                   0   0.703812301158905
                           0                   0   0.615835785865784
                           0                   0   0.527859210968018
                           0                   0   0.439882695674896
                           0                   0   0.351906150579453
                           0                   0   0.263929605484009
                           0                   0   0.175953075289726
                           0                   0   0.087976537644863
                           0                   0                   0
                           0                   0                   0
                           0                   0                   0
           0.054621849209070   0.005602241028100   0.005602241028100
           0.109243698418140   0.011204482056201   0.011204482056201
           0.163865551352501   0.016806723549962   0.016806723549962
           0.218487396836281   0.022408964112401   0.022408964112401
           0.273109257221222   0.028011204674840   0.028011204674840
           0.327731102705002   0.033613447099924   0.033613447099924
           0.382352948188782   0.039215687662363   0.039215687662363
           0.436974793672562   0.044817928224802   0.044817928224802
           0.491596639156342   0.050420168787241   0.050420168787241
           0.546218514442444   0.056022409349680   0.056022409349680
           0.600840330123901   0.061624653637409   0.061624653637409
           0.655462205410004   0.067226894199848   0.067226894199848
           0.710084021091461   0.072829134762287   0.072829134762287
           0.764705896377563   0.078431375324726   0.078431375324726
           0.778431415557861   0.120522879064083   0.073856212198734
           0.792156875133514   0.162614375352860   0.069281049072742
           0.805882334709167   0.204705879092216   0.064705885946751
           0.819607853889465   0.246797382831573   0.060130722820759
           0.833333373069763   0.288888901472092   0.055555555969477
           0.847058832645416   0.330980390310287   0.050980392843485
           0.860784292221069   0.373071908950806   0.046405229717493
           0.874509811401367   0.415163397789001   0.041830066591501
           0.890196084976196   0.463267982006073   0.036601308733225
           0.905882358551025   0.511372566223145   0.031372550874949
           0.921568632125854   0.559477150440216   0.026143791154027
           0.937254905700684   0.607581734657288   0.020915033295751
           0.952941179275513   0.655686259269714   0.015686275437474
           0.968627452850342   0.703790843486786   0.010457516647875
           0.984313726425171   0.751895427703857   0.005228758323938
           1.000000000000000   0.800000011920929                   0];
